15922.16062|25212.25312|-
28093.28212|29252.29353|45392.45482|-
15262.15403|18053.18153|19955.20032|28553.28692|29553.29632|39142.39262|41811.41893|43472.43553|43812.43912|45822.45922|47757.47872|-
10604.10743|13943.14042|19293.19392|21232.21352|26212.26313|29053.29153|31142.31272|33622.33762|41473.41593|45502.45582|46403.46522|48392.48530|-
11083.11223|17303.17442|21913.22012|26552.26652|31672.31792|34002.34123|46143.46242|48753.48827|-
11642.11743|14302.14403|18353.18453|20592.20712|22493.22653|23852.23953|27253.27352|30054.30153|32843.32943|34323.34402|36102.36203|39462.39543|42093.42212|44462.44583|46743.46842|49112.49232|-
12343.12462|18512.18612|24533.24612|26072.26172|29892.29972|40822.40943|42792.42892|45722.45802|46282.46382|47428.47543|-
14123.14203|17582.17683|18953.19052|20412.20512|24873.24952|27612.27693|30232.30333|36422.36522|39323.39402|41953.42032|45033.45112|46882.46982|50113.50212|-
12142.12242|23232.23308|32553.32652|43253.43352|48573.48673|-
12503.12602|14602.14662|16283.16362|19582.19682|21092.21173|24013.24112|30543.30642|41182.41293|42953.43053|44282.44382|48953.49012|50733.50832|-
11782.11883|15123.15242|21552.21653|23552.23633|31987.32093|43652.43752|47602.47662|48253.48373|-
10942.11043|22893.22993|33123.33222|34203.34282|-
15603.15722|35183.35282|43972.44083|47929.48029|-
13683.13762|20072.20173|24353.24453|28412.28533|35443.35542|38473.38553|41627.41711|44662.44762|51343.51432|-
11262.11362|22053.22132|33462.33562|34462.34562|-
22353.22453|33842.33943|-
-
11942.12103|14943.15043|18652.18773|22193.22312|26933.27033|32153.32253|39943.40062|42412.42532|47023.47142|49693.49812|-
16562.16683|45213.45292|48129.48173|-
12663.12763|26413.26512|40323.40423|43092.43212|46002.46102|50412.50512|-
12962.13062|31493.31593|40483.40573|42612.42732|47242.47337|49412.49512|-
13362.13483|20273.20373|24193.24293|30372.30462|44158.44262|51022.51122|-
25872.25973|-
28253.28333|37453.37553|44842.44952|-
17123.17223|18193.18293|25573.25652|40122.40203|42293.42393|46582.46682|-
27932.28012|-
