16752.16812|28128.28212|36072.36153|-
16213.16291|24702.24782|-
22412.22492|32453.32512|34632.34692|-
11492.11572|31092.31172|-
20192.20268|-
10752.10832|19692.19752|22212.22292|26152.26233|-
18973.19032|25712.25792|30672.30732|33092.33172|-
11772.11832|27172.27252|33612.33693|-
32692.32772|35612.35672|38052.38112|-
29683.29752|31672.31732|35072.35153|-
16492.16552|21713.21792|23152.23232|23712.23772|26912.26972|-
21192.21272|25132.25212|34372.34450|-
17212.17292|30132.30212|-
12572.12652|26652.26732|36592.36672|-
24442.24522|-
10271.10370|18222.18282|29163.29242|-
19232.19292|22692.22772|27632.27692|37532.37592|-
14232.14312|34112.34192|-
13472.13552|14752.14812|37052.37132|-
12252.12332|18722.18802|-
17692.17772|-
12812.12872|32152.32212|-
10512.10592|14472.14552|-
24222.24302|30432.30492|-
15012.15087|15713.15789|-
13752.13832|-
