61042.61116|62621.62715|77029.77128|83726.83820|85183.85274|85652.85744|95266.95354|112492.112579|152372.152476|155754.155845|159101.159213|-
18957.19082|22803.22929|47262.47370|60209.60304|82766.82854|103399.103509|109673.109779|121175.121283|142311.142449|161972.162063|-
31924.32043|37653.37766|40588.40678|47745.47851|93303.93388|112896.112957|113998.114079|118746.118864|136085.136193|138480.138571|140884.140996|141376.141470|155103.155192|156235.156329|-
30459.30569|35271.35366|37998.38096|41052.41165|45316.45424|51095.51171|66933.67030|77482.77571|79886.79983|116870.116960|124084.124172|127433.127534|144721.144794|147119.147208|147572.147645|149033.149127|153170.153259|161486.161588|-
17966.18092|23331.23416|53509.53618|61191.61304|64990.65088|65956.66057|88534.88621|95742.95836|120543.120607|142816.142916|-
24735.24847|42919.43021|46804.46904|48744.48848|50621.50722|78464.78562|83242.83342|86140.86245|94788.94891|101962.102061|107760.107861|126466.126557|132201.132289|145456.145560|146640.146753|-
29024.29121|30304.30396|33358.33471|52986.53091|53355.53432|59278.59378|63110.63210|64559.64645|69360.69444|74618.74716|135934.136022|145144.145246|157694.157771|-
45650.45736|60696.60781|76061.76159|99085.99174|101331.101411|113041.113128|118311.118396|130120.130209|132696.132790|152859.152960|154326.154404|-
21875.21974|39124.39225|69798.69899|82315.82421|89474.89568|98103.98204|114442.114537|120682.120783|123093.123183|130282.130380|131744.131839|145629.145725|147409.147483|148046.148147|150449.150550|151433.151534|-
15627.15727|39933.40158|41994.42096|42409.42520|59740.59844|72067.72157|77970.78083|99583.99672|102920.103021|105831.105932|108254.108354|112065.112152|121665.121764|122133.122228|124551.124663|128353.128463|139407.139507|141810.141922|143763.143853|149985.150069|-
70312.70415|73176.73274|88045.88144|109192.109296|111584.111671|133662.133762|158119.158224|160993.161084|-
15104.15219|51572.51670|53969.54064|54456.54556|57809.57917|92843.92945|101021.101097|107269.107366|110185.110273|113486.113583|116694.116783|128861.128940|129325.129421|140366.140478|153825.153922|156738.156824|-
21394.21482|33818.33931|52059.52157|61683.61784|62950.63033|77810.77894|91401.91497|107096.107183|134143.134250|162910.163008|-
22351.22451|92360.92460|93809.93923|101500.101587|119253.119357|122491.122591|134596.134696|148533.148643|154768.154870|164865.164978|-
24231.24334|27571.27682|36221.36321|37193.37280|38622.38721|48214.48302|56394.56486|58288.58382|120212.120307|122651.122765|144203.144301|-
22654.22751|25211.25314|27075.27175|29492.29576|31448.31547|32872.32980|34747.34846|36682.36781|47612.47686|62146.62256|64056.64160|68410.68519|80822.80946|87086.87219|111094.111195|114922.114984|119732.119832|124396.124488|137043.137159|137811.137893|-
17046.17174|39578.39679|54895.54990|55291.55363|63587.63684|78953.79054|81343.81443|87601.87685|103876.103976|115400.115492|135095.135186|139863.139965|146133.146221|-
25720.25809|44377.44482|65494.65596|76548.76659|85997.86072|96194.96283|96697.96771|100558.100659|104393.104480|110646.110744|114766.114834|115893.115990|125029.125116|131263.131354|155267.155366|160028.160113|-
30964.31070|49204.49310|55863.55963|67893.67992|80360.80457|91909.91986|94312.94408|99422.99494|116357.116456|117321.117421|136559.136650|-
16049.16158|20896.21009|28505.28595|52558.52650|68233.68335|70763.70866|71733.71836|86614.86714|90001.90101|90934.91043|93647.93742|132050.132124|149519.149616|163837.163927|-
32432.32521|34307.34428|46300.46396|50127.50233|51409.51487|73646.73734|75893.75993|89845.89933|123601.123704|129810.129911|141637.141734|157208.157297|-
24578.24676|26181.26282|26628.26738|38146.38269|44839.44925|57346.57437|67376.67475|98586.98686|100054.100150|102490.102590|109045.109119|126943.127046|130772.130860|137501.137591|164360.164469|-
29983.30081|32286.32373|49643.49756|70143.70227|72717.72815|84211.84301|84691.84781|90452.90552|106320.106421|125534.125621|125996.126071|137965.138075|157042.157133|-
13310.13417|14122.14243|23813.23909|43894.43994|68853.68946|75081.75188|89004.89110|106769.106881|151894.152003|-
45808.45912|55425.55535|71259.71357|72221.72343|79405.79507|97634.97722|105300.105410|135591.135684|153333.153439|165860.165946|-
41519.41623|56864.56961|75563.75662|108721.108817|117812.117912|127876.127977|133176.133276|138959.139061|139707.139775|-
