25826.25916|36016.36156|-
25546.25666|43626.43746|-
11146.11245|16246.16366|19585.19685|21596.21716|23225.23366|27896.27996|30176.30296|32556.32696|37516.37616|39996.40096|41445.41566|43485.43585|45085.45185|45805.45926|-
10586.10706|14926.15046|17966.18085|20266.20366|21885.22026|23906.23986|27201.27316|29856.29995|33196.33316|36556.36676|39516.39616|41785.41885|42426.42546|43806.43906|44466.44566|45426.45526|47766.47885|49126.49245|51066.51166|-
15266.15406|18246.18385|22206.22346|33635.33756|42065.42185|46166.46245|47166.47285|-
11646.11785|15625.15746|18626.18725|20626.20726|22605.22705|24246.24346|28256.28335|30511.30616|33996.34111|40326.40426|42766.42906|47466.47566|48766.48866|-
12306.12426|22446.22546|25996.26116|43285.43426|46465.46565|-
13906.14046|18446.18585|21696.21831|24366.24486|31956.32035|33496.33616|39376.39496|42266.42366|43926.44066|-
12466.12606|29516.29616|40826.40926|47926.48026|-
11826.11926|12906.13046|16001.16106|20426.20526|23546.23666|28051.28156|30816.30935|40146.40235|41606.41726|45965.46066|50106.50226|-
10985.11106|17785.17885|26946.27066|29995.30116|40485.40585|45266.45366|50746.50846|-
17285.17405|29196.29335|35496.35596|49445.49585|-
11266.11385|16606.16706|27556.27676|31196.31296|36196.36316|45626.45750|51346.51466|-
13266.13385|19301.19406|22945.23065|32896.32996|41906.42046|46646.46746|47606.47706|-
29016.29116|34516.34611|44606.44685|48626.48685|-
35151.35256|-
-
11985.12126|21085.21185|24585.24706|28556.28673|34316.34435|43146.43246|-
14266.14426|17625.17744|26176.26256|32116.32235|44126.44266|46826.46945|49766.49885|-
12626.12766|24926.25085|42946.43066|-
12106.12226|15106.15226|18106.18226|21226.21346|24046.24146|28396.28496|30316.30416|34176.34276|41166.41266|44285.44385|46306.46406|-
48126.48226|-
26396.26476|48426.48566|-
13566.13686|25245.25346|39235.39335|44785.44885|-
14585.14726|22085.22246|33835.33956|38496.38596|42626.42746|-
17070.17244|31456.31616|35311.35435|-
