14223.14372|35879.36041|45223.45376|50566.50741|64164.64312|69513.69666|76879.77021|80897.81032|82866.83023|84236.84414|89225.89366|-
29294.29420|37916.38043|82202.82377|90896.91023|-
11882.12007|18105.18265|19171.19313|22609.22730|27232.27360|31261.31398|32390.32515|37590.37717|40905.41041|43753.43839|47911.48014|52581.52721|56752.56890|62227.62358|65879.66037|72851.72993|74620.74756|-
11252.11410|17780.17909|19515.19631|20481.20627|23246.23392|25890.26030|38874.38988|43330.43437|47270.47372|53270.53368|55893.56048|61528.61674|65234.65370|73549.73702|75908.76060|78875.78994|91870.92006|-
20804.20956|30890.31036|33589.33739|39520.39676|46543.46693|53779.53893|58872.59028|66603.66752|71538.71678|75272.75413|85513.85655|86916.87053|89949.90152|94337.94504|-
29600.29720|35220.35343|36543.36666|42643.42696|48348.48476|59591.59719|62920.63073|68571.68711|79544.79682|81530.81656|90535.90699|-
29945.30054|42280.42406|44914.45022|48808.48952|58593.58720|67250.67387|86551.86691|91181.91321|-
18611.18724|23566.23696|28543.28680|32732.32867|36896.37003|41592.41702|44341.44446|51550.51709|52710.52853|57209.57321|63842.63974|67564.67686|81854.81989|93897.94046|-
11607.11774|19300.19449|35571.35705|40266.40380|45579.45692|68271.68422|76275.76397|87586.87710|94616.94746|-
12196.12317|17607.17743|21110.21252|22416.22525|24890.25023|34588.34702|38536.38682|41244.41372|44171.44255|48964.49065|50878.51001|53918.54027|59920.60032|61904.62036|68948.69090|73920.74038|74932.75054|77187.77316|82543.82677|88554.88669|92290.92390|-
10988.11098|20314.20430|25551.25700|27561.27696|31582.31703|40602.40732|43486.43602|46208.46355|55574.55715|60623.60776|64927.65078|69869.70008|72549.72700|74462.74603|76566.76680|79129.79287|84557.84704|-
19842.19992|26150.26279|33922.34051|36196.36341|48287.48386|54941.55053|66228.66366|71151.71304|81199.81318|89549.89686|-
21772.21903|34252.34378|43953.44050|54602.54708|65598.65751|73169.73298|85249.85410|-
22910.23041|34928.35069|50273.50419|53418.53553|56269.56391|63224.63365|80539.80680|87930.88043|92863.92989|-
14522.14657|26573.26698|39223.39361|47628.47740|61245.61379|71886.72032|78527.78639|-
13915.14053|26919.27019|39906.40042|46893.47037|70527.70657|77851.77991|83246.83370|-
33079.33219|70180.70336|77535.77699|83590.83723|-
42011.42111|49252.49364|54196.54347|60352.60490|67892.68011|87249.87386|94797.94914|-
18440.18611|19970.20152|22084.22225|23900.24035|27934.28106|31884.32013|38219.38351|45890.46008|51248.51357|55218.55369|58219.58366|60862.61049|70882.71027|74066.74217|84893.85022|88898.89020|93504.93640|-
30255.30375|52244.52356|-
18000.18117|20640.20752|24270.24395|28243.28385|32076.32203|33219.33329|42760.42887|49590.49681|62590.62692|75631.75782|79921.80022|90263.90373|94152.94262|-
30603.30731|49903.50040|59225.59362|63502.63661|86220.86360|-
14960.15120|24537.24674|51881.52007|78169.78318|-
88241.88378|-
18802.18915|28932.29067|37256.37371|44613.44721|57882.58020|66922.67036|83955.84061|85937.86067|91549.91669|-
13602.13730|21417.21604|25238.25371|57536.57678|72238.72421|80162.80302|-
