22987.23071|29011.29092|60032.60092|71010.71067|76365.76445|-
19198.19316|19911.19987|28330.28401|48608.48658|52973.53045|55209.55272|57888.57949|58420.58492|65029.65095|69434.69485|69976.70035|72316.72367|75957.76021|-
31733.31819|67668.67759|71573.71637|76635.76702|81071.81119|93628.93687|-
71312.71373|76232.76294|78091.78167|-
23560.23637|25737.25812|32309.32382|46465.46537|67949.68009|73168.73237|78627.78699|-
21359.21459|21861.21932|30626.30720|54099.54158|57331.57406|68819.68880|-
11413.11542|20309.20420|31188.31261|55687.55776|56810.56887|61613.61678|-
24636.24707|28602.28669|37382.37448|39399.39475|51340.51403|67521.67581|81378.81441|86808.86870|89027.89100|-
26823.26896|32759.32839|38303.38385|43189.43259|44232.44303|47521.47588|66641.66708|80581.80644|96111.96183|-
44830.44908|51861.51931|64476.64548|65566.65629|95585.95659|97211.97275|98135.98221|-
25168.25243|43697.43776|49704.49775|54618.54678|68232.68298|83521.83584|86533.86605|87368.87430|93359.93436|-
20820.20907|37745.37816|58980.59050|63936.63998|80049.80106|84136.84197|90658.90723|-
27357.27437|53551.53627|60583.60646|74297.74358|-
28735.28818|34455.34550|35582.35641|45778.45855|46936.47003|72619.72698|76910.76970|92249.92325|-
13487.13630|15837.15946|33903.33979|50279.50350|81950.82009|89298.89358|93123.93172|98015.98074|-
36943.37004|59490.59567|74816.74890|93773.93848|96635.96708|-
19611.19687|35011.35086|37104.37172|45127.45181|71965.72040|89442.89521|98830.98891|-
40456.40528|41570.41624|42078.42151|42620.42687|50812.50884|75357.75419|84637.84705|85723.85784|91191.91244|94046.94121|95005.95058|-
22460.22535|45387.45448|71830.71890|82981.83043|88446.88515|-
20067.20163|27909.27983|30094.30170|36107.36175|45650.45714|49152.49214|61074.61149|70471.70545|77490.77558|-
26231.26317|56266.56331|66109.66176|80288.80360|82470.82528|94333.94410|98544.98604|-
41031.41105|46153.46222|48066.48119|67191.67252|73747.73821|79143.79209|86299.86373|-
39938.40009|85129.85195|91686.91759|92827.92887|97727.97804|-
24049.24123|52412.52492|80695.80767|82212.82271|84381.84439|-
29548.29626|36658.36732|79775.79836|87891.87969|90050.90127|-
33363.33442|38888.38958|89736.89793|-
