15999.16086|42403.42498|58230.58317|62366.62435|77596.77672|78751.78826|81382.81451|92849.92915|105982.106047|117569.117636|119195.119271|122763.122829|-
63621.63688|68795.68882|71965.72032|74800.74876|75030.75117|79791.79867|87604.87684|93547.93623|95963.96038|109562.109638|115340.115406|-
23043.23145|69988.70067|74005.74073|75643.75719|94531.94609|95152.95249|110383.110461|112756.112833|117172.117237|124179.124254|-
22383.22493|26312.26399|43812.43876|54810.54873|86372.86429|103578.103654|106375.106451|106769.106835|109956.110031|114769.114845|121536.121604|-
24372.24458|25612.25691|35226.35315|41976.42064|46802.46880|94190.94257|103142.103209|104778.104854|118773.118839|-
22836.22922|23258.23356|31591.31667|37212.37311|87839.87915|98405.98461|112346.112423|120806.120882|-
24590.24665|34602.34691|36522.36643|38860.38938|41607.41693|63187.63262|85179.85265|91369.91433|105185.105242|119993.120083|123961.124028|-
45987.46073|46404.46491|52445.52522|58041.58119|64424.64490|67054.67120|75414.75490|82383.82449|84330.84404|89789.89844|99183.99260|-
44007.44103|60741.60820|77201.77269|85991.86056|87180.87249|91985.92060|114038.114113|-
19215.19294|24828.24926|25188.25284|32774.32870|34797.34887|42973.43055|47377.47464|54420.54509|57365.57452|64986.65062|66812.66888|74397.74472|83556.83634|88217.88292|97398.97464|111964.112042|-
28785.28875|30420.30496|36324.36412|67183.67261|92212.92278|100369.100437|110770.110834|111366.111435|-
29658.29767|38186.38264|40379.40467|43176.43286|89164.89239|91583.91660|98777.98852|105591.105655|-
33979.34067|35597.35685|36985.37059|38633.38719|57595.57692|69222.69286|92388.92467|99790.99860|115975.116051|-
27142.27242|30188.30278|30771.30858|31985.32060|35983.36070|40022.40090|45323.45398|51241.51330|61386.61450|70384.70449|72828.72903|76996.77072|79397.79462|83152.83229|96998.97072|100590.100665|108374.108452|109340.109406|118966.119042|-
38406.38502|39507.39581|62752.62819|81163.81240|51606.51694|84744.84821|90588.90654|115562.115638|-
42756.42837|47597.47695|58820.58909|73646.73711|80783.80847|83974.84052|88434.88514|114417.114492|-
37574.37672|47178.47269|64609.64698|72402.72466|80019.80096|93939.94003|95577.95651|96346.96411|108746.108823|122329.122407|-
29446.29537|33579.33665|76362.76439|76778.76854|78010.78086|94750.94836|98001.98099|104317.104394|116763.116828|118355.118422|119600.119665|123184.123250|-
32534.32633|33143.33232|51001.51077|66400.66476|67993.68060|73222.73299|77410.77486|79169.79234|80370.80434|88790.88867|89583.89657|89984.90061|96791.96855|97791.97867|107194.107258|107783.107861|111171.111236|112962.113038|115141.115219|-
10822.10913|39290.39366|39690.39787|49188.49276|101619.101693|106166.106243|116192.116257|119785.119861|-
24019.24117|29977.30064|44366.44450|68402.68468|79596.79660|81771.81837|108018.108082|124393.124471|-
31010.31087|39094.39171|47989.48067|55439.55515|61579.61664|62981.63055|65192.65281|77805.77881|78542.78619|100019.100096|100807.100886|107574.107641|-
12811.12899|27993.28078|29195.29283|43584.43660|44784.44860|54185.54265|55637.55723|58645.58722|63864.63930|65565.65641|69604.69690|86767.86834|90183.90238|92607.92684|99584.99659|106977.107052|113201.113276|113693.113757|-
23574.23674|34384.34472|40765.40841|42183.42264|51844.51940|85597.85674|101184.101248|120588.120664|-
45540.45637|52202.52278|90382.90446|93188.93255|102391.102455|111574.111640|116411.116488|120399.120457|121182.121248|-
23792.23877|31231.31330|55006.55086|62001.62069|64017.64094|66019.66087|67589.67652|75999.76076|82782.82860|90799.90878|101990.102065|122141.122195|123578.123645|124787.124863|-
