58996.59156|63486.63637|67436.67617|72837.72956|77276.77426|-
30937.31036|36367.36466|62647.62766|66797.66952|75767.75946|-
12687.12806|20776.20897|33426.33546|39307.39426|42916.43067|52486.52646|56667.56766|63206.63326|65076.65202|72367.72502|76126.76247|77976.78116|79767.79896|81097.81241|82996.83116|-
11366.11487|17756.17856|32787.32926|43496.43617|46447.46566|47506.47717|51367.51487|57877.57976|64466.64576|65967.66087|71956.72096|73882.74006|76586.76726|80687.80766|83517.83636|-
31536.31636|45347.45467|69576.69717|71184.71316|79276.79406|82696.82797|-
27396.27477|36966.37066|41126.41226|54767.54906|70597.70717|78317.78416|-
23816.23916|40826.40926|48787.48947|55436.55597|74647.74766|78617.78716|-
14607.14726|30356.30457|35776.35856|40517.40637|65686.65807|75267.75367|81836.81946|83356.83456|-
11986.12126|18356.18497|23217.23316|29152.29271|38117.38236|50787.50882|61436.61597|66206.66367|69832.69966|73216.73307|78176.78296|81357.81496|-
16516.16597|21396.21516|24096.24217|28556.28697|40137.40296|48337.48487|55987.56147|69237.69357|70756.70876|71807.71917|73766.73846|78716.78856|82236.82356|-
10707.10826|19297.19434|35217.35317|37576.37670|47047.47146|53126.53226|54286.54446|68076.68187|70456.70597|72956.73076|80976.81076|-
13326.13426|26797.26876|43237.43356|58316.58456|77776.77897|79916.80057|-
20202.20336|25657.25756|57166.57266|-
17157.17256|29656.29776|32097.32197|34567.34686|42336.42437|50156.50276|71316.71466|72502.72626|79167.79276|82576.82696|-
13987.14126|44696.44796|77007.77136|80336.80426|-
15286.15406|27936.28016|45927.46067|51926.52026|59516.59657|77446.77567|-
25036.25197|-
19607.19707|33987.34087|70137.70276|71626.71726|75407.75526|-
22516.22657|46427.46587|53707.53866|60267.60387|68347.68487|73057.73176|77626.77757|80176.80336|82097.82257|-
15897.16036|28857.28976|49537.49657|74997.75071|79007.79126|-
33726.33866|38457.38557|68687.68847|71007.71126|72287.72367|74207.74306|82856.82976|-
62006.62117|68947.69116|70897.71007|74326.74446|81517.81676|-
18937.19076|60732.60897|73437.73607|-
21697.21837|-
21977.22096|24537.24677|31256.31356|38747.38827|76286.76367|-
26196.26297|41627.41787|63847.63986|-
