13330.13421|23681.23760|28801.28881|49921.50010|56950.57011|71461.71540|71941.72021|99581.99661|-
17060.17141|22701.22760|32101.32176|36791.36871|50640.50721|52761.52841|64421.64501|69600.69680|-
34450.34531|37230.37310|48990.49070|59301.59380|62101.62181|70501.70581|73801.73881|98220.98300|-
20370.20451|33051.33131|79421.79501|83671.83751|89290.89371|98701.98781|-
25060.25141|26950.27051|29281.29381|31141.31221|44671.44731|48460.48520|55150.55231|67240.67300|70981.71061|72420.72500|-
11010.11106|35387.35471|38610.38710|41451.41531|45251.45331|72861.72940|76601.76660|78000.78101|86931.86990|92110.92191|-
12420.12520|16181.16260|18021.18121|65381.65461|69140.69220|76141.76221|84131.84190|93051.93130|-
46651.46731|58361.58441|77540.77641|84590.84670|89731.89806|96780.96861|-
24581.24676|40061.40141|54691.54750|61621.61701|63021.63101|66781.66861|86410.86490|90690.90770|93990.94071|-
28321.28420|55991.56071|57371.57451|67721.67801|-
14301.14400|16621.16700|43390.43471|51341.51420|94921.95000|-
30240.30320|30681.30760|40901.40980|52480.52561|74701.74781|80371.80451|85970.86030|-
19910.19990|24101.24160|31681.31760|43151.43210|44311.44391|74261.74341|95880.95961|96361.96441|-
27410.27491|40521.40601|56510.56590|57841.57921|62581.62661|73321.73400|75201.75280|88350.88430|-
18481.18560|18960.19051|22241.22320|34931.34991|35871.35931|45730.45820|54130.54210|63941.64021|66341.66400|82231.82311|91151.91231|-
26471.26551|33970.34051|39141.39221|48041.48121|48771.48851|79890.79970|81771.81850|91630.91710|-
25560.25641|32571.32651|60681.60781|64901.64980|68180.68280|70040.70121|80851.80930|99101.99180|-
42831.42910|47131.47210|82690.82751|85111.85170|85530.85592|95390.95461|-
37711.37791|42390.42471|50880.50961|63481.63561|97221.97300|-
14741.14841|21791.21871|38191.38271|39620.39700|47621.47681|75650.75721|78480.78581|81330.81411|-
12881.12960|15221.15301|27810.27910|33491.33590|41231.41290|41931.42011|52200.52261|68680.68761|87871.87930|90231.90307|92590.92670|-
43851.43910|44991.45070|51780.51860|77078.77160|87410.87490|-
36310.36391|61160.61240|97721.97801|-
11460.11560|46201.46280|55571.55650|58840.58921|78941.79001|94460.94540|-
10591.10690|26001.26101|29741.29841|49461.49541|59726.59821|65840.65921|83171.83230|88810.88890|93530.93590|-
20810.20891|50320.50421|60200.60281|-
