50560.50632|51553.51635|55701.55774|-
35574.35679|53891.53975|61390.61454|68415.68502|-
50115.50210|-
43064.43173|43488.43579|54275.54349|62909.62977|71178.71263|-
14970.15066|28085.28202|33677.33779|46410.46482|47780.47866|50941.51040|52464.52549|67027.67111|-
24356.24469|49179.49270|53422.53500|54711.54789|56189.56267|64669.64745|65585.65645|69813.69888|-
11177.11282|46569.46668|66088.66149|67481.67562|-
46809.46887|69332.69411|70741.70803|-
20612.20712|37501.37615|37926.38048|51777.51865|59500.59573|70285.70361|-
48213.48299|59750.59822|60929.61002|-
42660.42747|59972.60038|-
45894.45985|57177.57253|-
26236.26340|34662.34786|-
18726.18829|62553.62641|65112.65181|-
51291.51379|-
38816.38930|61589.61654|-
22483.22579|52241.52313|59070.59146|60359.60482|62162.62237|-
43829.43924|48720.48808|52884.52974|66584.66654|-
59289.59365|63194.63280|-
41205.41318|45004.45088|61771.61855|67962.68035|-
29952.30052|47148.47239|57613.57690|58484.58562|68889.68954|-
38402.38512|42191.42300|44753.44831|56668.56739|-
13033.13121|16836.16945|49666.49774|58846.58937|-
44056.44153|54079.54158|63753.63829|64197.64282|-
44265.44367|55259.55332|58058.58133|-
31816.31921|36532.36633|39271.39347|41691.41787|44515.44588|45353.45449|51991.52070|-
