15837.15925|34575.34683|39010.39136|44174.44286|44849.44974|55818.55937|60942.61063|90391.90465|91096.91183|98279.98380|99651.99740|100325.100399|103452.103548|109252.109346|-
27346.27447|33891.34006|35607.35713|38004.38115|56863.56987|57873.57973|62342.62454|67837.67883|70218.70341|71930.72047|74706.74826|85643.85756|89510.89595|99135.99207|-
16992.17076|29298.29382|31444.31528|34908.35025|43478.43603|64723.64835|101049.101116|104497.104597|106530.106644|108894.108998|112358.112446|-
21114.21213|32145.32246|34214.34338|47956.48080|52721.52834|59962.60070|61313.61449|69545.69669|83243.83351|84608.84716|89028.89120|99309.99392|101385.101473|104837.104932|-
19774.19851|36275.36406|40747.40858|48316.48436|59592.59718|62013.62113|68511.68631|72280.72379|81195.81299|84297.84408|-
51745.51842|57546.57658|62669.62768|67134.67246|73999.74108|76699.76817|78448.78554|79122.79231|91767.91866|105509.105617|114410.114494|-
10222.10304|25927.26009|42430.42556|59275.59387|70929.71029|87648.87740|90740.90824|95914.95994|100684.100764|105192.105289|-
19935.20018|35258.35379|53078.53175|65743.65863|76365.76442|79482.79602|93831.93929|94877.94965|106214.106319|-
15673.15761|18384.18473|23190.23279|25241.25331|31797.31892|51362.51487|52054.52163|63356.63458|66097.66213|96554.96625|104153.104254|107231.107352|107903.108014|112029.112115|-
12924.13014|23858.23932|24575.24662|28670.28746|45174.45299|56539.56646|57208.57312|65412.65558|81529.81650|82224.82322|-
10390.10486|42783.42896|46924.47037|50345.50441|60292.60417|66790.66904|96228.96314|105878.105989|-
44507.44629|47603.47725|48978.49078|52392.52496|53404.53526|61690.61819|68163.68279|78787.78913|92831.92916|-
32512.32613|36994.37112|38332.38446|39686.39818|43132.43253|49658.49758|64363.64465|81895.81931|98625.98725|110975.111080|-
22870.22954|42108.42215|49306.49421|54096.54208|56146.56280|80161.80262|93130.93225|97743.97865|100513.100585|-
37340.37452|41444.41559|48668.48768|58229.58346|60625.60729|69211.69332|71255.71363|77044.77157|86983.87067|88354.88442|92120.92208|95549.95632|108237.108337|112979.113070|-
11698.11786|14463.14539|33556.33682|39360.39483|40381.40503|46240.46358|47242.47354|49994.50116|50671.50798|72972.73068|73310.73422|80510.80616|87313.87413|92433.92520|93490.93575|99980.100072|-
13107.13174|28047.28159|53761.53887|75692.75792|77734.77854|85330.85451|91447.91532|96878.96967|108554.108654|111680.111757|-
35948.36070|41091.41203|45528.45644|54463.54579|55147.55267|70596.70696|74341.74440|75016.75144|86332.86436|-
32845.32970|40029.40162|45869.45996|64020.64140|69894.70032|89692.89778|94170.94272|102050.102126|109603.109698|-
18562.18634|46565.46705|51044.51158|68865.68982|80856.80974|84962.85065|85996.86108|88687.88778|97236.97337|107565.107682|-
36645.36765|65081.65191|73656.73769|86649.86756|94528.94616|98964.99048|102742.102835|103800.103897|111347.111424|-
22490.22578|25621.25708|30008.30092|30724.30808|33212.33323|58915.59047|76016.76140|83575.83711|89353.89429|-
14287.14363|37665.37789|41773.41886|67500.67606|75364.75480|79816.79937|82566.82685|86829.86914|90046.90134|101718.101797|102408.102506|106901.106993|-
11542.11626|17178.17255|54788.54910|58568.58685|63018.63096|72638.72741|77406.77540|82890.83014|87989.88089|-
38690.38809|63675.63794|66450.66570|71585.71699|78089.78193|83948.84070|103098.103195|-
20472.20571|21805.21907|26636.26737|28340.28453|43824.43937|55467.55572|95215.95305|113676.113764|-
